4
ORIGINAL 0.0  1.0  0.2357563850687623  0.8016528925619835  
random 1.0  0.0  1.0  1.0  
TEST1 0.2357563850687623  1.0  0.0  0.74364896073903  
Test2 0.8016528925619835  1.0  0.74364896073903  0.0  

4
ORIGINAL 0.0  1.0  0.2612966601178782  0.8016528925619835  
random 1.0  0.0  1.0  1.0  
TEST1 0.2612966601178782  1.0  0.0  0.7621247113163973  
Test2 0.8016528925619835  1.0  0.7621247113163973  0.0  

4
ORIGINAL 0.0  1.0  0.25343811394891946  0.8429752066115702  
random 1.0  0.0  1.0  1.0  
TEST1 0.25343811394891946  1.0  0.0  0.7505773672055427  
Test2 0.8429752066115702  1.0  0.7505773672055427  0.0  

4
ORIGINAL 0.0  1.0  0.2455795677799607  0.8450413223140496  
random 1.0  0.0  1.0  1.0  
TEST1 0.2455795677799607  1.0  0.0  0.7367205542725173  
Test2 0.8450413223140496  1.0  0.7367205542725173  0.0  

4
ORIGINAL 0.0  1.0  0.27504911591355596  0.8388429752066116  
random 1.0  0.0  1.0  1.0  
TEST1 0.27504911591355596  1.0  0.0  0.745958429561201  
Test2 0.8388429752066116  1.0  0.745958429561201  0.0  

4
ORIGINAL 0.0  1.0  0.27111984282907664  0.8471074380165289  
random 1.0  0.0  1.0  1.0  
TEST1 0.27111984282907664  1.0  0.0  0.7251732101616628  
Test2 0.8471074380165289  1.0  0.7251732101616628  0.0  

4
ORIGINAL 0.0  1.0  0.2612966601178782  0.8409090909090909  
random 1.0  0.0  1.0  1.0  
TEST1 0.2612966601178782  1.0  0.0  0.7136258660508084  
Test2 0.8409090909090909  1.0  0.7136258660508084  0.0  

4
ORIGINAL 0.0  1.0  0.25343811394891946  0.8264462809917356  
random 1.0  0.0  1.0  1.0  
TEST1 0.25343811394891946  1.0  0.0  0.7251732101616628  
Test2 0.8264462809917356  1.0  0.7251732101616628  0.0  

4
ORIGINAL 0.0  1.0  0.27504911591355596  0.8450413223140496  
random 1.0  0.0  1.0  1.0  
TEST1 0.27504911591355596  1.0  0.0  0.7066974595842956  
Test2 0.8450413223140496  1.0  0.7066974595842956  0.0  

4
ORIGINAL 0.0  1.0  0.25933202357563856  0.8285123966942148  
random 1.0  0.0  1.0  1.0  
TEST1 0.25933202357563856  1.0  0.0  0.6489607390300232  
Test2 0.8285123966942148  1.0  0.6489607390300232  0.0  

4
ORIGINAL 0.0  1.0  0.28683693516699416  0.8347107438016529  
random 1.0  0.0  1.0  1.0  
TEST1 0.28683693516699416  1.0  0.0  0.6628175519630485  
Test2 0.8347107438016529  1.0  0.6628175519630485  0.0  

4
ORIGINAL 0.0  1.0  0.3005893909626719  0.8367768595041323  
random 1.0  0.0  1.0  1.0  
TEST1 0.3005893909626719  1.0  0.0  0.6697459584295612  
Test2 0.8367768595041323  1.0  0.6697459584295612  0.0  

4
ORIGINAL 0.0  1.0  0.2946954813359528  0.8512396694214877  
random 1.0  0.0  1.0  1.0  
TEST1 0.2946954813359528  1.0  0.0  0.6697459584295612  
Test2 0.8512396694214877  1.0  0.6697459584295612  0.0  

4
ORIGINAL 0.0  1.0  0.2907662082514735  0.8574380165289256  
random 1.0  0.0  1.0  1.0  
TEST1 0.2907662082514735  1.0  0.0  0.6512702078521939  
Test2 0.8574380165289256  1.0  0.6512702078521939  0.0  

4
ORIGINAL 0.0  1.0  0.2888015717092338  0.8119834710743802  
random 1.0  0.0  1.0  1.0  
TEST1 0.2888015717092338  1.0  0.0  0.6535796766743649  
Test2 0.8119834710743802  1.0  0.6535796766743649  0.0  

4
ORIGINAL 0.0  1.0  0.2888015717092338  0.7913223140495868  
random 1.0  0.0  1.0  1.0  
TEST1 0.2888015717092338  1.0  0.0  0.6628175519630485  
Test2 0.7913223140495868  1.0  0.6628175519630485  0.0  

4
ORIGINAL 0.0  1.0  0.269155206286837  0.8057851239669421  
random 1.0  0.0  1.0  1.0  
TEST1 0.269155206286837  1.0  0.0  0.6812933025404158  
Test2 0.8057851239669421  1.0  0.6812933025404158  0.0  

4
ORIGINAL 0.0  1.0  0.2612966601178782  0.8037190082644627  
random 1.0  0.0  1.0  1.0  
TEST1 0.2612966601178782  1.0  0.0  0.697459584295612  
Test2 0.8037190082644627  1.0  0.697459584295612  0.0  

4
ORIGINAL 0.0  1.0  0.2770137524557956  0.8181818181818181  
random 1.0  0.0  1.0  1.0  
TEST1 0.2770137524557956  1.0  0.0  0.6997690531177829  
Test2 0.8181818181818181  1.0  0.6997690531177829  0.0  

4
ORIGINAL 0.0  1.0  0.27504911591355596  0.8057851239669421  
random 1.0  0.0  1.0  1.0  
TEST1 0.27504911591355596  1.0  0.0  0.6951501154734412  
Test2 0.8057851239669421  1.0  0.6951501154734412  0.0  

4
ORIGINAL 0.0  1.0  0.2573673870333988  0.7665289256198347  
random 1.0  0.0  1.0  1.0  
TEST1 0.2573673870333988  1.0  0.0  0.7136258660508084  
Test2 0.7665289256198347  1.0  0.7136258660508084  0.0  

4
ORIGINAL 0.0  1.0  0.2730844793713163  0.7851239669421488  
random 1.0  0.0  1.0  1.0  
TEST1 0.2730844793713163  1.0  0.0  0.7413394919168591  
Test2 0.7851239669421488  1.0  0.7413394919168591  0.0  

4
ORIGINAL 0.0  1.0  0.2671905697445972  0.7603305785123967  
random 1.0  0.0  1.0  1.0  
TEST1 0.2671905697445972  1.0  0.0  0.7159353348729792  
Test2 0.7603305785123967  1.0  0.7159353348729792  0.0  

4
ORIGINAL 0.0  1.0  0.23379174852652262  0.7520661157024793  
random 1.0  0.0  1.0  1.0  
TEST1 0.23379174852652262  1.0  0.0  0.7159353348729792  
Test2 0.7520661157024793  1.0  0.7159353348729792  0.0  

4
ORIGINAL 0.0  1.0  0.2554027504911591  0.75  
random 1.0  0.0  1.0  1.0  
TEST1 0.2554027504911591  1.0  0.0  0.6812933025404158  
Test2 0.75  1.0  0.6812933025404158  0.0  

4
ORIGINAL 0.0  1.0  0.23182711198428296  0.7479338842975207  
random 1.0  0.0  1.0  1.0  
TEST1 0.23182711198428296  1.0  0.0  0.6720554272517321  
Test2 0.7479338842975207  1.0  0.6720554272517321  0.0  

4
ORIGINAL 0.0  1.0  0.2239685658153242  0.7293388429752066  
random 1.0  0.0  1.0  1.0  
TEST1 0.2239685658153242  1.0  0.0  0.6997690531177829  
Test2 0.7293388429752066  1.0  0.6997690531177829  0.0  

4
ORIGINAL 0.0  1.0  0.23772102161100195  0.7231404958677685  
random 1.0  0.0  1.0  1.0  
TEST1 0.23772102161100195  1.0  0.0  0.7020785219399538  
Test2 0.7231404958677685  1.0  0.7020785219399538  0.0  

4
ORIGINAL 0.0  1.0  0.22200392927308443  0.725206611570248  
random 1.0  0.0  1.0  1.0  
TEST1 0.22200392927308443  1.0  0.0  0.6928406466512702  
Test2 0.725206611570248  1.0  0.6928406466512702  0.0  

4
ORIGINAL 0.0  1.0  0.21611001964636545  0.6880165289256198  
random 1.0  0.0  1.0  1.0  
TEST1 0.21611001964636545  1.0  0.0  0.6859122401847575  
Test2 0.6880165289256198  1.0  0.6859122401847575  0.0  

4
ORIGINAL 0.0  1.0  0.1905697445972495  0.6797520661157025  
random 1.0  0.0  1.0  1.0  
TEST1 0.1905697445972495  1.0  0.0  0.7113163972286374  
Test2 0.6797520661157025  1.0  0.7113163972286374  0.0  

4
ORIGINAL 0.0  1.0  0.1964636542239686  0.6528925619834711  
random 1.0  0.0  1.0  1.0  
TEST1 0.1964636542239686  1.0  0.0  0.7043879907621247  
Test2 0.6528925619834711  1.0  0.7043879907621247  0.0  

4
ORIGINAL 0.0  1.0  0.20432220039292726  0.6797520661157025  
random 1.0  0.0  1.0  1.0  
TEST1 0.20432220039292726  1.0  0.0  0.6905311778290992  
Test2 0.6797520661157025  1.0  0.6905311778290992  0.0  

4
ORIGINAL 0.0  1.0  0.19449901768172884  0.6673553719008265  
random 1.0  0.0  1.0  1.0  
TEST1 0.19449901768172884  1.0  0.0  0.6928406466512702  
Test2 0.6673553719008265  1.0  0.6928406466512702  0.0  

4
ORIGINAL 0.0  1.0  0.1964636542239686  0.6673553719008265  
random 1.0  0.0  1.0  1.0  
TEST1 0.1964636542239686  1.0  0.0  0.6951501154734412  
Test2 0.6673553719008265  1.0  0.6951501154734412  0.0  

4
ORIGINAL 0.0  1.0  0.20039292730844793  0.6673553719008265  
random 1.0  0.0  1.0  1.0  
TEST1 0.20039292730844793  1.0  0.0  0.6651270207852193  
Test2 0.6673553719008265  1.0  0.6651270207852193  0.0  

4
ORIGINAL 0.0  1.0  0.2082514734774067  0.6611570247933884  
random 1.0  0.0  1.0  1.0  
TEST1 0.2082514734774067  1.0  0.0  0.6397228637413395  
Test2 0.6611570247933884  1.0  0.6397228637413395  0.0  

4
ORIGINAL 0.0  1.0  0.23182711198428296  0.6466942148760331  
random 1.0  0.0  1.0  1.0  
TEST1 0.23182711198428296  1.0  0.0  0.6674364896073903  
Test2 0.6466942148760331  1.0  0.6674364896073903  0.0  

4
ORIGINAL 0.0  1.0  0.21021611001964635  0.6053719008264462  
random 1.0  0.0  1.0  1.0  
TEST1 0.21021611001964635  1.0  0.0  0.6605080831408776  
Test2 0.6053719008264462  1.0  0.6605080831408776  0.0  

4
ORIGINAL 0.0  1.0  0.2023575638506876  0.6074380165289256  
random 1.0  0.0  1.0  1.0  
TEST1 0.2023575638506876  1.0  0.0  0.6605080831408776  
Test2 0.6074380165289256  1.0  0.6605080831408776  0.0  

4
ORIGINAL 0.0  1.0  0.21021611001964635  0.6033057851239669  
random 1.0  0.0  1.0  1.0  
TEST1 0.21021611001964635  1.0  0.0  0.6697459584295612  
Test2 0.6033057851239669  1.0  0.6697459584295612  0.0  

4
ORIGINAL 0.0  1.0  0.1964636542239686  0.6177685950413223  
random 1.0  0.0  1.0  1.0  
TEST1 0.1964636542239686  1.0  0.0  0.6674364896073903  
Test2 0.6177685950413223  1.0  0.6674364896073903  0.0  

4
ORIGINAL 0.0  1.0  0.1964636542239686  0.628099173553719  
random 1.0  0.0  1.0  1.0  
TEST1 0.1964636542239686  1.0  0.0  0.6397228637413395  
Test2 0.628099173553719  1.0  0.6397228637413395  0.0  

4
ORIGINAL 0.0  1.0  0.21611001964636545  0.6425619834710744  
random 1.0  0.0  1.0  1.0  
TEST1 0.21611001964636545  1.0  0.0  0.5958429561200924  
Test2 0.6425619834710744  1.0  0.5958429561200924  0.0  

4
ORIGINAL 0.0  1.0  0.22200392927308443  0.6384297520661157  
random 1.0  0.0  1.0  1.0  
TEST1 0.22200392927308443  1.0  0.0  0.5635103926096998  
Test2 0.6384297520661157  1.0  0.5635103926096998  0.0  

4
ORIGINAL 0.0  1.0  0.21611001964636545  0.628099173553719  
random 1.0  0.0  1.0  1.0  
TEST1 0.21611001964636545  1.0  0.0  0.579676674364896  
Test2 0.628099173553719  1.0  0.579676674364896  0.0  

4
ORIGINAL 0.0  1.0  0.23379174852652262  0.6301652892561984  
random 1.0  0.0  1.0  1.0  
TEST1 0.23379174852652262  1.0  0.0  0.5750577367205543  
Test2 0.6301652892561984  1.0  0.5750577367205543  0.0  

4
ORIGINAL 0.0  1.0  0.26522593320235754  0.6487603305785123  
random 1.0  0.0  1.0  1.0  
TEST1 0.26522593320235754  1.0  0.0  0.5727482678983833  
Test2 0.6487603305785123  1.0  0.5727482678983833  0.0  

4
ORIGINAL 0.0  1.0  0.25933202357563856  0.6549586776859504  
random 1.0  0.0  1.0  1.0  
TEST1 0.25933202357563856  1.0  0.0  0.5681293302540416  
Test2 0.6549586776859504  1.0  0.5681293302540416  0.0  

4
ORIGINAL 0.0  1.0  0.269155206286837  0.6611570247933884  
random 1.0  0.0  1.0  1.0  
TEST1 0.269155206286837  1.0  0.0  0.5519630484988453  
Test2 0.6611570247933884  1.0  0.5519630484988453  0.0  

4
ORIGINAL 0.0  1.0  0.3163064833005894  0.6694214876033058  
random 1.0  0.0  1.0  1.0  
TEST1 0.3163064833005894  1.0  0.0  0.5103926096997691  
Test2 0.6694214876033058  1.0  0.5103926096997691  0.0  

4
ORIGINAL 0.0  1.0  0.3182711198428291  0.6549586776859504  
random 1.0  0.0  1.0  1.0  
TEST1 0.3182711198428291  1.0  0.0  0.48729792147806006  
Test2 0.6549586776859504  1.0  0.48729792147806006  0.0  

4
ORIGINAL 0.0  1.0  0.31237721021611  0.6033057851239669  
random 1.0  0.0  1.0  1.0  
TEST1 0.31237721021611  1.0  0.0  0.5219399538106235  
Test2 0.6033057851239669  1.0  0.5219399538106235  0.0  

4
ORIGINAL 0.0  1.0  0.2907662082514735  0.6384297520661157  
random 1.0  0.0  1.0  1.0  
TEST1 0.2907662082514735  1.0  0.0  0.5496535796766744  
Test2 0.6384297520661157  1.0  0.5496535796766744  0.0  

4
ORIGINAL 0.0  1.0  0.29862475442043224  0.6239669421487604  
random 1.0  0.0  1.0  1.0  
TEST1 0.29862475442043224  1.0  0.0  0.5773672055427252  
Test2 0.6239669421487604  1.0  0.5773672055427252  0.0  

4
ORIGINAL 0.0  1.0  0.31237721021611  0.6466942148760331  
random 1.0  0.0  1.0  1.0  
TEST1 0.31237721021611  1.0  0.0  0.5704387990762125  
Test2 0.6466942148760331  1.0  0.5704387990762125  0.0  

4
ORIGINAL 0.0  1.0  0.30844793713163066  0.621900826446281  
random 1.0  0.0  1.0  1.0  
TEST1 0.30844793713163066  1.0  0.0  0.5773672055427252  
Test2 0.621900826446281  1.0  0.5773672055427252  0.0  

4
ORIGINAL 0.0  1.0  0.2888015717092338  0.6115702479338843  
random 1.0  0.0  1.0  1.0  
TEST1 0.2888015717092338  1.0  0.0  0.6166281755196306  
Test2 0.6115702479338843  1.0  0.6166281755196306  0.0  

4
ORIGINAL 0.0  1.0  0.29273084479371314  0.5991735537190083  
random 1.0  0.0  1.0  1.0  
TEST1 0.29273084479371314  1.0  0.0  0.5935334872979214  
Test2 0.5991735537190083  1.0  0.5935334872979214  0.0  

4
ORIGINAL 0.0  1.0  0.306483300589391  0.5867768595041323  
random 1.0  0.0  1.0  1.0  
TEST1 0.306483300589391  1.0  0.0  0.6166281755196306  
Test2 0.5867768595041323  1.0  0.6166281755196306  0.0  

4
ORIGINAL 0.0  1.0  0.2907662082514735  0.5537190082644627  
random 1.0  0.0  1.0  1.0  
TEST1 0.2907662082514735  1.0  0.0  0.6397228637413395  
Test2 0.5537190082644627  1.0  0.6397228637413395  0.0  

4
ORIGINAL 0.0  1.0  0.3163064833005894  0.5475206611570248  
random 1.0  0.0  1.0  1.0  
TEST1 0.3163064833005894  1.0  0.0  0.6351039260969977  
Test2 0.5475206611570248  1.0  0.6351039260969977  0.0  

4
ORIGINAL 0.0  1.0  0.3182711198428291  0.5392561983471074  
random 1.0  0.0  1.0  1.0  
TEST1 0.3182711198428291  1.0  0.0  0.5981524249422633  
Test2 0.5392561983471074  1.0  0.5981524249422633  0.0  

4
ORIGINAL 0.0  1.0  0.3280943025540275  0.53099173553719  
random 1.0  0.0  1.0  1.0  
TEST1 0.3280943025540275  1.0  0.0  0.5935334872979214  
Test2 0.53099173553719  1.0  0.5935334872979214  0.0  

4
ORIGINAL 0.0  1.0  0.33202357563850693  0.5123966942148761  
random 1.0  0.0  1.0  1.0  
TEST1 0.33202357563850693  1.0  0.0  0.625866050808314  
Test2 0.5123966942148761  1.0  0.625866050808314  0.0  

4
ORIGINAL 0.0  1.0  0.343811394891945  0.4896694214876033  
random 1.0  0.0  1.0  1.0  
TEST1 0.343811394891945  1.0  0.0  0.6397228637413395  
Test2 0.4896694214876033  1.0  0.6397228637413395  0.0  

4
ORIGINAL 0.0  1.0  0.3339882121807466  0.4855371900826446  
random 1.0  0.0  1.0  1.0  
TEST1 0.3339882121807466  1.0  0.0  0.6304849884526559  
Test2 0.4855371900826446  1.0  0.6304849884526559  0.0  

4
ORIGINAL 0.0  1.0  0.349705304518664  0.4772727272727273  
random 1.0  0.0  1.0  1.0  
TEST1 0.349705304518664  1.0  0.0  0.6304849884526559  
Test2 0.4772727272727273  1.0  0.6304849884526559  0.0  

4
ORIGINAL 0.0  1.0  0.35166994106090377  0.4752066115702479  
random 1.0  0.0  1.0  1.0  
TEST1 0.35166994106090377  1.0  0.0  0.6628175519630485  
Test2 0.4752066115702479  1.0  0.6628175519630485  0.0  

4
ORIGINAL 0.0  1.0  0.3555992141453831  0.5  
random 1.0  0.0  1.0  1.0  
TEST1 0.3555992141453831  1.0  0.0  0.6882217090069285  
Test2 0.5  1.0  0.6882217090069285  0.0  

4
ORIGINAL 0.0  1.0  0.35166994106090377  0.5082644628099173  
random 1.0  0.0  1.0  1.0  
TEST1 0.35166994106090377  1.0  0.0  0.6766743648960739  
Test2 0.5082644628099173  1.0  0.6766743648960739  0.0  

4
ORIGINAL 0.0  1.0  0.37328094302554027  0.5020661157024793  
random 1.0  0.0  1.0  1.0  
TEST1 0.37328094302554027  1.0  0.0  0.6720554272517321  
Test2 0.5020661157024793  1.0  0.6720554272517321  0.0  

4
ORIGINAL 0.0  1.0  0.33595284872298625  0.4979338842975206  
random 1.0  0.0  1.0  1.0  
TEST1 0.33595284872298625  1.0  0.0  0.6720554272517321  
Test2 0.4979338842975206  1.0  0.6720554272517321  0.0  

4
ORIGINAL 0.0  1.0  0.33005893909626716  0.46900826446280997  
random 1.0  0.0  1.0  1.0  
TEST1 0.33005893909626716  1.0  0.0  0.6812933025404158  
Test2 0.46900826446280997  1.0  0.6812933025404158  0.0  

4
ORIGINAL 0.0  1.0  0.33005893909626716  0.48140495867768596  
random 1.0  0.0  1.0  1.0  
TEST1 0.33005893909626716  1.0  0.0  0.7528868360277137  
Test2 0.48140495867768596  1.0  0.7528868360277137  0.0  

4
ORIGINAL 0.0  1.0  0.34774066797642433  0.5020661157024793  
random 1.0  0.0  1.0  1.0  
TEST1 0.34774066797642433  1.0  0.0  0.7505773672055427  
Test2 0.5020661157024793  1.0  0.7505773672055427  0.0  

4
ORIGINAL 0.0  1.0  0.3339882121807466  0.4979338842975206  
random 1.0  0.0  1.0  1.0  
TEST1 0.3339882121807466  1.0  0.0  0.7551963048498845  
Test2 0.4979338842975206  1.0  0.7551963048498845  0.0  

4
ORIGINAL 0.0  1.0  0.35363457760314343  0.5268595041322315  
random 1.0  0.0  1.0  1.0  
TEST1 0.35363457760314343  1.0  0.0  0.7759815242494226  
Test2 0.5268595041322315  1.0  0.7759815242494226  0.0  

4
ORIGINAL 0.0  1.0  0.349705304518664  0.5041322314049587  
random 1.0  0.0  1.0  1.0  
TEST1 0.349705304518664  1.0  0.0  0.74364896073903  
Test2 0.5041322314049587  1.0  0.74364896073903  0.0  

4
ORIGINAL 0.0  1.0  0.32023575638506874  0.5  
random 1.0  0.0  1.0  1.0  
TEST1 0.32023575638506874  1.0  0.0  0.7043879907621247  
Test2 0.5  1.0  0.7043879907621247  0.0  

4
ORIGINAL 0.0  1.0  0.33202357563850693  0.4669421487603306  
random 1.0  0.0  1.0  1.0  
TEST1 0.33202357563850693  1.0  0.0  0.7274826789838338  
Test2 0.4669421487603306  1.0  0.7274826789838338  0.0  

4
ORIGINAL 0.0  1.0  0.35363457760314343  0.4628099173553719  
random 1.0  0.0  1.0  1.0  
TEST1 0.35363457760314343  1.0  0.0  0.7344110854503465  
Test2 0.4628099173553719  1.0  0.7344110854503465  0.0  

4
ORIGINAL 0.0  1.0  0.3555992141453831  0.45661157024793386  
random 1.0  0.0  1.0  1.0  
TEST1 0.3555992141453831  1.0  0.0  0.7182448036951501  
Test2 0.45661157024793386  1.0  0.7182448036951501  0.0  

4
ORIGINAL 0.0  1.0  0.3889980353634578  0.46900826446280997  
random 1.0  0.0  1.0  1.0  
TEST1 0.3889980353634578  1.0  0.0  0.745958429561201  
Test2 0.46900826446280997  1.0  0.745958429561201  0.0  

4
ORIGINAL 0.0  1.0  0.381139489194499  0.47107438016528924  
random 1.0  0.0  1.0  1.0  
TEST1 0.381139489194499  1.0  0.0  0.7482678983833718  
Test2 0.47107438016528924  1.0  0.7482678983833718  0.0  

4
ORIGINAL 0.0  1.0  0.381139489194499  0.47933884297520657  
random 1.0  0.0  1.0  1.0  
TEST1 0.381139489194499  1.0  0.0  0.7344110854503465  
Test2 0.47933884297520657  1.0  0.7344110854503465  0.0  

4
ORIGINAL 0.0  1.0  0.3654223968565815  0.4524793388429752  
random 1.0  0.0  1.0  1.0  
TEST1 0.3654223968565815  1.0  0.0  0.7390300230946882  
Test2 0.4524793388429752  1.0  0.7390300230946882  0.0  

4
ORIGINAL 0.0  1.0  0.3673870333988212  0.49380165289256195  
random 1.0  0.0  1.0  1.0  
TEST1 0.3673870333988212  1.0  0.0  0.7390300230946882  
Test2 0.49380165289256195  1.0  0.7390300230946882  0.0  

4
ORIGINAL 0.0  1.0  0.37328094302554027  0.5020661157024793  
random 1.0  0.0  1.0  1.0  
TEST1 0.37328094302554027  1.0  0.0  0.7113163972286374  
Test2 0.5020661157024793  1.0  0.7113163972286374  0.0  

4
ORIGINAL 0.0  1.0  0.34774066797642433  0.518595041322314  
random 1.0  0.0  1.0  1.0  
TEST1 0.34774066797642433  1.0  0.0  0.7251732101616628  
Test2 0.518595041322314  1.0  0.7251732101616628  0.0  

4
ORIGINAL 0.0  1.0  0.3614931237721022  0.5433884297520661  
random 1.0  0.0  1.0  1.0  
TEST1 0.3614931237721022  1.0  0.0  0.7274826789838338  
Test2 0.5433884297520661  1.0  0.7274826789838338  0.0  

4
ORIGINAL 0.0  1.0  0.33595284872298625  0.5413223140495868  
random 1.0  0.0  1.0  1.0  
TEST1 0.33595284872298625  1.0  0.0  0.7297921478060045  
Test2 0.5413223140495868  1.0  0.7297921478060045  0.0  

4
ORIGINAL 0.0  1.0  0.34577603143418467  0.5826446280991735  
random 1.0  0.0  1.0  1.0  
TEST1 0.34577603143418467  1.0  0.0  0.7413394919168591  
Test2 0.5826446280991735  1.0  0.7413394919168591  0.0  

4
ORIGINAL 0.0  1.0  0.349705304518664  0.609504132231405  
random 1.0  0.0  1.0  1.0  
TEST1 0.349705304518664  1.0  0.0  0.7136258660508084  
Test2 0.609504132231405  1.0  0.7136258660508084  0.0  

4
ORIGINAL 0.0  1.0  0.33202357563850693  0.6033057851239669  
random 1.0  0.0  1.0  1.0  
TEST1 0.33202357563850693  1.0  0.0  0.6997690531177829  
Test2 0.6033057851239669  1.0  0.6997690531177829  0.0  

4
ORIGINAL 0.0  1.0  0.381139489194499  0.5909090909090908  
random 1.0  0.0  1.0  1.0  
TEST1 0.381139489194499  1.0  0.0  0.697459584295612  
Test2 0.5909090909090908  1.0  0.697459584295612  0.0  

4
ORIGINAL 0.0  1.0  0.3654223968565815  0.5950413223140496  
random 1.0  0.0  1.0  1.0  
TEST1 0.3654223968565815  1.0  0.0  0.6766743648960739  
Test2 0.5950413223140496  1.0  0.6766743648960739  0.0  

4
ORIGINAL 0.0  1.0  0.35166994106090377  0.6033057851239669  
random 1.0  0.0  1.0  1.0  
TEST1 0.35166994106090377  1.0  0.0  0.674364896073903  
Test2 0.6033057851239669  1.0  0.674364896073903  0.0  

4
ORIGINAL 0.0  1.0  0.3654223968565815  0.6053719008264462  
random 1.0  0.0  1.0  1.0  
TEST1 0.3654223968565815  1.0  0.0  0.6859122401847575  
Test2 0.6053719008264462  1.0  0.6859122401847575  0.0  

4
ORIGINAL 0.0  1.0  0.3772102161100196  0.628099173553719  
random 1.0  0.0  1.0  1.0  
TEST1 0.3772102161100196  1.0  0.0  0.6951501154734412  
Test2 0.628099173553719  1.0  0.6951501154734412  0.0  

