4
ORIGINAL 0.0  1.0  0.6729873512725988  0.8956064978792252  
random 1.0  0.0  1.0  1.0  
TEST1 0.6729873512725988  1.0  0.0  0.8873302393516279  
Test2 0.8956064978792252  1.0  0.8873302393516279  0.0  

4
ORIGINAL 0.0  1.0  0.6731495797537811  0.8945436353240813  
random 1.0  0.0  1.0  1.0  
TEST1 0.6731495797537811  1.0  0.0  0.8873947127753837  
Test2 0.8945436353240813  1.0  0.8873947127753837  0.0  

4
ORIGINAL 0.0  1.0  0.673057380936251  0.8966137168616507  
random 1.0  0.0  1.0  1.0  
TEST1 0.673057380936251  1.0  0.0  0.8874561531447495  
Test2 0.8966137168616507  1.0  0.8874561531447495  0.0  

4
ORIGINAL 0.0  1.0  0.6731307061134866  0.8979891434607771  
random 1.0  0.0  1.0  1.0  
TEST1 0.6731307061134866  1.0  0.0  0.8876758345580517  
Test2 0.8979891434607771  1.0  0.8876758345580517  0.0  

4
ORIGINAL 0.0  1.0  0.6724670221723267  0.897909577053962  
random 1.0  0.0  1.0  1.0  
TEST1 0.6724670221723267  1.0  0.0  0.8861431870669746  
Test2 0.897909577053962  1.0  0.8861431870669746  0.0  

4
ORIGINAL 0.0  1.0  0.6699410609037328  0.8963897872000639  
random 1.0  0.0  1.0  1.0  
TEST1 0.6699410609037328  1.0  0.0  0.8866697888587792  
Test2 0.8963897872000639  1.0  0.8866697888587792  0.0  

4
ORIGINAL 0.0  1.0  0.6699410609037328  0.8961146946180205  
random 1.0  0.0  1.0  1.0  
TEST1 0.6699410609037328  1.0  0.0  0.8864931935220117  
Test2 0.8961146946180205  1.0  0.8864931935220117  0.0  

4
ORIGINAL 0.0  1.0  0.6699410609037328  0.8952541948409717  
random 1.0  0.0  1.0  1.0  
TEST1 0.6699410609037328  1.0  0.0  0.8860370763373073  
Test2 0.8952541948409717  1.0  0.8860370763373073  0.0  

4
ORIGINAL 0.0  1.0  0.6699410609037328  0.8970407063292439  
random 1.0  0.0  1.0  1.0  
TEST1 0.6699410609037328  1.0  0.0  0.8851730318243021  
Test2 0.8970407063292439  1.0  0.8851730318243021  0.0  

4
ORIGINAL 0.0  1.0  0.6699410609037328  0.8951644945963128  
random 1.0  0.0  1.0  1.0  
TEST1 0.6699410609037328  1.0  0.0  0.8830854050627179  
Test2 0.8951644945963128  1.0  0.8830854050627179  0.0  

4
ORIGINAL 0.0  1.0  0.6699410609037328  0.8961114642932825  
random 1.0  0.0  1.0  1.0  
TEST1 0.6699410609037328  1.0  0.0  0.8823715226349004  
Test2 0.8961114642932825  1.0  0.8823715226349004  0.0  

4
ORIGINAL 0.0  1.0  0.6699410609037328  0.8951715724493446  
random 1.0  0.0  1.0  1.0  
TEST1 0.6699410609037328  1.0  0.0  0.8818603428528512  
Test2 0.8951715724493446  1.0  0.8818603428528512  0.0  

4
ORIGINAL 0.0  1.0  0.6699410609037328  0.8972099588032857  
random 1.0  0.0  1.0  1.0  
TEST1 0.6699410609037328  1.0  0.0  0.8822839037847332  
Test2 0.8972099588032857  1.0  0.8822839037847332  0.0  

4
ORIGINAL 0.0  1.0  0.6699410609037328  0.8964414454017936  
random 1.0  0.0  1.0  1.0  
TEST1 0.6699410609037328  1.0  0.0  0.8825641562552476  
Test2 0.8964414454017936  1.0  0.8825641562552476  0.0  

4
ORIGINAL 0.0  1.0  0.6699410609037328  0.8951895436579231  
random 1.0  0.0  1.0  1.0  
TEST1 0.6699410609037328  1.0  0.0  0.8827071808367797  
Test2 0.8951895436579231  1.0  0.8827071808367797  0.0  

4
ORIGINAL 0.0  1.0  0.6699410609037328  0.8963554388195536  
random 1.0  0.0  1.0  1.0  
TEST1 0.6699410609037328  1.0  0.0  0.8827869589994302  
Test2 0.8963554388195536  1.0  0.8827869589994302  0.0  

4
ORIGINAL 0.0  1.0  0.6699410609037328  0.8965703523962166  
random 1.0  0.0  1.0  1.0  
TEST1 0.6699410609037328  1.0  0.0  0.8823635862259143  
Test2 0.8965703523962166  1.0  0.8823635862259143  0.0  

4
ORIGINAL 0.0  1.0  0.6699410609037328  0.8964674057003602  
random 1.0  0.0  1.0  1.0  
TEST1 0.6699410609037328  1.0  0.0  0.8825880317797177  
Test2 0.8964674057003602  1.0  0.8825880317797177  0.0  

4
ORIGINAL 0.0  1.0  0.6699410609037328  0.8961024385266809  
random 1.0  0.0  1.0  1.0  
TEST1 0.6699410609037328  1.0  0.0  0.8821871645577855  
Test2 0.8961024385266809  1.0  0.8821871645577855  0.0  

4
ORIGINAL 0.0  1.0  0.6699410609037328  0.8967444072527162  
random 1.0  0.0  1.0  1.0  
TEST1 0.6699410609037328  1.0  0.0  0.8827367205542725  
Test2 0.8967444072527162  1.0  0.8827367205542725  0.0  

4
ORIGINAL 0.0  1.0  0.6699410609037328  0.8974676071914277  
random 1.0  0.0  1.0  1.0  
TEST1 0.6699410609037328  1.0  0.0  0.8825144737258376  
Test2 0.8974676071914277  1.0  0.8825144737258376  0.0  

4
ORIGINAL 0.0  1.0  0.6699410609037328  0.8973821117707161  
random 1.0  0.0  1.0  1.0  
TEST1 0.6699410609037328  1.0  0.0  0.8824963529321724  
Test2 0.8973821117707161  1.0  0.8824963529321724  0.0  

4
ORIGINAL 0.0  1.0  0.6699410609037328  0.8959666855723005  
random 1.0  0.0  1.0  1.0  
TEST1 0.6699410609037328  1.0  0.0  0.8820827167252164  
Test2 0.8959666855723005  1.0  0.8820827167252164  0.0  

4
ORIGINAL 0.0  1.0  0.6699410609037328  0.8968950872359963  
random 1.0  0.0  1.0  1.0  
TEST1 0.6699410609037328  1.0  0.0  0.881535476007185  
Test2 0.8968950872359963  1.0  0.881535476007185  0.0  

4
ORIGINAL 0.0  1.0  0.6699410609037328  0.8979404433949889  
random 1.0  0.0  1.0  1.0  
TEST1 0.6699410609037328  1.0  0.0  0.8820219434636416  
Test2 0.8979404433949889  1.0  0.8820219434636416  0.0  

4
ORIGINAL 0.0  1.0  0.6699410609037328  0.8977272727272727  
random 1.0  0.0  1.0  1.0  
TEST1 0.6699410609037328  1.0  0.0  0.882285251475494  
Test2 0.8977272727272727  1.0  0.882285251475494  0.0  

4
ORIGINAL 0.0  1.0  0.6699410609037328  0.8965959826247657  
random 1.0  0.0  1.0  1.0  
TEST1 0.6699410609037328  1.0  0.0  0.8822713859464593  
Test2 0.8965959826247657  1.0  0.8822713859464593  0.0  

4
ORIGINAL 0.0  1.0  0.6699410609037328  0.8973313331134296  
random 1.0  0.0  1.0  1.0  
TEST1 0.6699410609037328  1.0  0.0  0.8820168320745688  
Test2 0.8973313331134296  1.0  0.8820168320745688  0.0  

4
ORIGINAL 0.0  1.0  0.6699410609037328  0.8981914001676847  
random 1.0  0.0  1.0  1.0  
TEST1 0.6699410609037328  1.0  0.0  0.8816675739673956  
Test2 0.8981914001676847  1.0  0.8816675739673956  0.0  

4
ORIGINAL 0.0  1.0  0.6699410609037328  0.8991302234152734  
random 1.0  0.0  1.0  1.0  
TEST1 0.6699410609037328  1.0  0.0  0.8823529411764706  
Test2 0.8991302234152734  1.0  0.8823529411764706  0.0  

4
ORIGINAL 0.0  1.0  0.6699410609037328  0.8991223533549167  
random 1.0  0.0  1.0  1.0  
TEST1 0.6699410609037328  1.0  0.0  0.8820905438324528  
Test2 0.8991223533549167  1.0  0.8820905438324528  0.0  

4
ORIGINAL 0.0  1.0  0.6699410609037328  0.8976882894121316  
random 1.0  0.0  1.0  1.0  
TEST1 0.6699410609037328  1.0  0.0  0.8816865364209475  
Test2 0.8976882894121316  1.0  0.8816865364209475  0.0  

4
ORIGINAL 0.0  1.0  0.6699410609037328  0.8963840961448617  
random 1.0  0.0  1.0  1.0  
TEST1 0.6699410609037328  1.0  0.0  0.8818985426455364  
Test2 0.8963840961448617  1.0  0.8818985426455364  0.0  

4
ORIGINAL 0.0  1.0  0.6699410609037328  0.8931698285765272  
random 1.0  0.0  1.0  1.0  
TEST1 0.6699410609037328  1.0  0.0  0.8817971866470712  
Test2 0.8931698285765272  1.0  0.8817971866470712  0.0  

4
ORIGINAL 0.0  1.0  0.6699410609037328  0.8936311622262035  
random 1.0  0.0  1.0  1.0  
TEST1 0.6699410609037328  1.0  0.0  0.8813108428099512  
Test2 0.8936311622262035  1.0  0.8813108428099512  0.0  

4
ORIGINAL 0.0  1.0  0.6699410609037328  0.8931254695717505  
random 1.0  0.0  1.0  1.0  
TEST1 0.6699410609037328  1.0  0.0  0.8812460634054168  
Test2 0.8931254695717505  1.0  0.8812460634054168  0.0  

4
ORIGINAL 0.0  1.0  0.6699410609037328  0.8925189393939394  
random 1.0  0.0  1.0  1.0  
TEST1 0.6699410609037328  1.0  0.0  0.8814075855336778  
Test2 0.8925189393939394  1.0  0.8814075855336778  0.0  

4
ORIGINAL 0.0  1.0  0.6699410609037328  0.8910673465799192  
random 1.0  0.0  1.0  1.0  
TEST1 0.6699410609037328  1.0  0.0  0.8819714018967126  
Test2 0.8910673465799192  1.0  0.8819714018967126  0.0  

4
ORIGINAL 0.0  1.0  0.6699410609037328  0.8918732782369146  
random 1.0  0.0  1.0  1.0  
TEST1 0.6699410609037328  1.0  0.0  0.8824765809481797  
Test2 0.8918732782369146  1.0  0.8824765809481797  0.0  

4
ORIGINAL 0.0  1.0  0.6699410609037328  0.8919515401953418  
random 1.0  0.0  1.0  1.0  
TEST1 0.6699410609037328  1.0  0.0  0.8830165215846509  
Test2 0.8919515401953418  1.0  0.8830165215846509  0.0  

4
ORIGINAL 0.0  1.0  0.6699410609037328  0.8918732782369146  
random 1.0  0.0  1.0  1.0  
TEST1 0.6699410609037328  1.0  0.0  0.8825800065984823  
Test2 0.8918732782369146  1.0  0.8825800065984823  0.0  

4
ORIGINAL 0.0  1.0  0.6699410609037328  0.8900826446280992  
random 1.0  0.0  1.0  1.0  
TEST1 0.6699410609037328  1.0  0.0  0.8823094688221709  
Test2 0.8900826446280992  1.0  0.8823094688221709  0.0  

4
ORIGINAL 0.0  1.0  0.6699410609037328  0.9454161060926388  
random 1.0  0.0  1.0  1.0  
TEST1 0.6699410609037328  1.0  0.0  0.8823690288075847  
Test2 0.9454161060926388  1.0  0.8823690288075847  0.0  

4
ORIGINAL 0.0  1.0  0.6699410609037328  0.9446740128558311  
random 1.0  0.0  1.0  1.0  
TEST1 0.6699410609037328  1.0  0.0  0.8827879700028544  
Test2 0.9446740128558311  1.0  0.8827879700028544  0.0  

4
ORIGINAL 0.0  1.0  0.6699410609037328  0.944952774498229  
random 1.0  0.0  1.0  1.0  
TEST1 0.6699410609037328  1.0  0.0  0.8830724488923103  
Test2 0.944952774498229  1.0  0.8830724488923103  0.0  

4
ORIGINAL 0.0  1.0  0.6699410609037328  0.9445535835252676  
random 1.0  0.0  1.0  1.0  
TEST1 0.6699410609037328  1.0  0.0  0.8830254041570439  
Test2 0.9445535835252676  1.0  0.8830254041570439  0.0  

4
ORIGINAL 0.0  1.0  0.6699410609037328  0.9445187165775402  
random 1.0  0.0  1.0  1.0  
TEST1 0.6699410609037328  1.0  0.0  0.8830568969137098  
Test2 0.9445187165775402  1.0  0.8830568969137098  0.0  

4
ORIGINAL 0.0  1.0  0.6699410609037328  0.9445232515110399  
random 1.0  0.0  1.0  1.0  
TEST1 0.6699410609037328  1.0  0.0  0.882832948421863  
Test2 0.9445232515110399  1.0  0.882832948421863  0.0  

4
ORIGINAL 0.0  1.0  0.6699410609037328  0.9442148760330579  
random 1.0  0.0  1.0  1.0  
TEST1 0.6699410609037328  1.0  0.0  0.8828977756168713  
Test2 0.9442148760330579  1.0  0.8828977756168713  0.0  

4
ORIGINAL 0.0  1.0  0.6699410609037328  0.9442148760330579  
random 1.0  0.0  1.0  1.0  
TEST1 0.6699410609037328  1.0  0.0  0.8831727323405272  
Test2 0.9442148760330579  1.0  0.8831727323405272  0.0  

4
ORIGINAL 0.0  1.0  0.6699410609037328  0.9442148760330579  
random 1.0  0.0  1.0  1.0  
TEST1 0.6699410609037328  1.0  0.0  0.8837301903320857  
Test2 0.9442148760330579  1.0  0.8837301903320857  0.0  

4
ORIGINAL 0.0  1.0  0.6699410609037328  0.9442148760330579  
random 1.0  0.0  1.0  1.0  
TEST1 0.6699410609037328  1.0  0.0  0.8837364774522912  
Test2 0.9442148760330579  1.0  0.8837364774522912  0.0  

4
ORIGINAL 0.0  1.0  0.6699410609037328  0.9442148760330579  
random 1.0  0.0  1.0  1.0  
TEST1 0.6699410609037328  1.0  0.0  0.8835224420122503  
Test2 0.9442148760330579  1.0  0.8835224420122503  0.0  

4
ORIGINAL 0.0  1.0  0.6699410609037328  0.9442148760330579  
random 1.0  0.0  1.0  1.0  
TEST1 0.6699410609037328  1.0  0.0  0.8838159531000178  
Test2 0.9442148760330579  1.0  0.8838159531000178  0.0  

4
ORIGINAL 0.0  1.0  0.6699410609037328  0.9442148760330579  
random 1.0  0.0  1.0  1.0  
TEST1 0.6699410609037328  1.0  0.0  0.8831894979944086  
Test2 0.9442148760330579  1.0  0.8831894979944086  0.0  

4
ORIGINAL 0.0  1.0  0.6699410609037328  0.9442148760330579  
random 1.0  0.0  1.0  1.0  
TEST1 0.6699410609037328  1.0  0.0  0.8829973160227201  
Test2 0.9442148760330579  1.0  0.8829973160227201  0.0  

4
ORIGINAL 0.0  1.0  0.6699410609037328  0.9442148760330579  
random 1.0  0.0  1.0  1.0  
TEST1 0.6699410609037328  1.0  0.0  0.8823094688221709  
Test2 0.9442148760330579  1.0  0.8823094688221709  0.0  

4
ORIGINAL 0.0  1.0  0.6699410609037328  0.9442148760330579  
random 1.0  0.0  1.0  1.0  
TEST1 0.6699410609037328  1.0  0.0  0.8823529411764706  
Test2 0.9442148760330579  1.0  0.8823529411764706  0.0  

4
ORIGINAL 0.0  1.0  0.6699410609037328  0.9442148760330579  
random 1.0  0.0  1.0  1.0  
TEST1 0.6699410609037328  1.0  0.0  0.8827655889145496  
Test2 0.9442148760330579  1.0  0.8827655889145496  0.0  

4
ORIGINAL 0.0  1.0  0.6699410609037328  0.9442148760330579  
random 1.0  0.0  1.0  1.0  
TEST1 0.6699410609037328  1.0  0.0  0.8826969796946702  
Test2 0.9442148760330579  1.0  0.8826969796946702  0.0  

4
ORIGINAL 0.0  1.0  0.6699410609037328  0.9442148760330579  
random 1.0  0.0  1.0  1.0  
TEST1 0.6699410609037328  1.0  0.0  0.8824270417803906  
Test2 0.9442148760330579  1.0  0.8824270417803906  0.0  

4
ORIGINAL 0.0  1.0  0.6699410609037328  0.9442148760330579  
random 1.0  0.0  1.0  1.0  
TEST1 0.6699410609037328  1.0  0.0  0.8813410846539779  
Test2 0.9442148760330579  1.0  0.8813410846539779  0.0  

4
ORIGINAL 0.0  1.0  0.6699410609037328  0.9442148760330579  
random 1.0  0.0  1.0  1.0  
TEST1 0.6699410609037328  1.0  0.0  0.8812614477980409  
Test2 0.9442148760330579  1.0  0.8812614477980409  0.0  

4
ORIGINAL 0.0  1.0  0.6699410609037328  0.9442148760330579  
random 1.0  0.0  1.0  1.0  
TEST1 0.6699410609037328  1.0  0.0  0.8817263279445727  
Test2 0.9442148760330579  1.0  0.8817263279445727  0.0  

4
ORIGINAL 0.0  1.0  0.6699410609037328  0.9442148760330579  
random 1.0  0.0  1.0  1.0  
TEST1 0.6699410609037328  1.0  0.0  0.8816841357257061  
Test2 0.9442148760330579  1.0  0.8816841357257061  0.0  

4
ORIGINAL 0.0  1.0  0.6699410609037328  0.9442148760330579  
random 1.0  0.0  1.0  1.0  
TEST1 0.6699410609037328  1.0  0.0  0.8816616482006607  
Test2 0.9442148760330579  1.0  0.8816616482006607  0.0  

4
ORIGINAL 0.0  1.0  0.6699410609037328  0.9442148760330579  
random 1.0  0.0  1.0  1.0  
TEST1 0.6699410609037328  1.0  0.0  0.8822482991074215  
Test2 0.9442148760330579  1.0  0.8822482991074215  0.0  

4
ORIGINAL 0.0  1.0  0.6699410609037328  0.9442148760330579  
random 1.0  0.0  1.0  1.0  
TEST1 0.6699410609037328  1.0  0.0  0.8818434995245211  
Test2 0.9442148760330579  1.0  0.8818434995245211  0.0  

4
ORIGINAL 0.0  1.0  0.6699410609037328  0.9442148760330579  
random 1.0  0.0  1.0  1.0  
TEST1 0.6699410609037328  1.0  0.0  0.8820851204223029  
Test2 0.9442148760330579  1.0  0.8820851204223029  0.0  

4
ORIGINAL 0.0  1.0  0.6699410609037328  0.9442148760330579  
random 1.0  0.0  1.0  1.0  
TEST1 0.6699410609037328  1.0  0.0  0.8824928475405881  
Test2 0.9442148760330579  1.0  0.8824928475405881  0.0  

4
ORIGINAL 0.0  1.0  0.6699410609037328  0.9442148760330579  
random 1.0  0.0  1.0  1.0  
TEST1 0.6699410609037328  1.0  0.0  0.8819971406576488  
Test2 0.9442148760330579  1.0  0.8819971406576488  0.0  

4
ORIGINAL 0.0  1.0  0.6699410609037328  0.9442148760330579  
random 1.0  0.0  1.0  1.0  
TEST1 0.6699410609037328  1.0  0.0  0.8814977473213947  
Test2 0.9442148760330579  1.0  0.8814977473213947  0.0  

4
ORIGINAL 0.0  1.0  0.6699410609037328  0.9442148760330579  
random 1.0  0.0  1.0  1.0  
TEST1 0.6699410609037328  1.0  0.0  0.8820578163574102  
Test2 0.9442148760330579  1.0  0.8820578163574102  0.0  

4
ORIGINAL 0.0  1.0  0.6699410609037328  0.9442148760330579  
random 1.0  0.0  1.0  1.0  
TEST1 0.6699410609037328  1.0  0.0  0.8820955390786435  
Test2 0.9442148760330579  1.0  0.8820955390786435  0.0  

4
ORIGINAL 0.0  1.0  0.6699410609037328  0.9442148760330579  
random 1.0  0.0  1.0  1.0  
TEST1 0.6699410609037328  1.0  0.0  0.881887165951831  
Test2 0.9442148760330579  1.0  0.881887165951831  0.0  

4
ORIGINAL 0.0  1.0  0.6699410609037328  0.9442148760330579  
random 1.0  0.0  1.0  1.0  
TEST1 0.6699410609037328  1.0  0.0  0.8823059157932137  
Test2 0.9442148760330579  1.0  0.8823059157932137  0.0  

4
ORIGINAL 0.0  1.0  0.6699410609037328  0.9442148760330579  
random 1.0  0.0  1.0  1.0  
TEST1 0.6699410609037328  1.0  0.0  0.8829608173171017  
Test2 0.9442148760330579  1.0  0.8829608173171017  0.0  

4
ORIGINAL 0.0  1.0  0.6699410609037328  0.9442148760330579  
random 1.0  0.0  1.0  1.0  
TEST1 0.6699410609037328  1.0  0.0  0.8832523691964641  
Test2 0.9442148760330579  1.0  0.8832523691964641  0.0  

4
ORIGINAL 0.0  1.0  0.6699410609037328  0.9442148760330579  
random 1.0  0.0  1.0  1.0  
TEST1 0.6699410609037328  1.0  0.0  0.8834371868055253  
Test2 0.9442148760330579  1.0  0.8834371868055253  0.0  

4
ORIGINAL 0.0  1.0  0.6699410609037328  0.9442148760330579  
random 1.0  0.0  1.0  1.0  
TEST1 0.6699410609037328  1.0  0.0  0.8841100973005717  
Test2 0.9442148760330579  1.0  0.8841100973005717  0.0  

4
ORIGINAL 0.0  1.0  0.6699410609037328  0.9442148760330579  
random 1.0  0.0  1.0  1.0  
TEST1 0.6699410609037328  1.0  0.0  0.8836383016521585  
Test2 0.9442148760330579  1.0  0.8836383016521585  0.0  

4
ORIGINAL 0.0  1.0  0.6699410609037328  0.9442148760330579  
random 1.0  0.0  1.0  1.0  
TEST1 0.6699410609037328  1.0  0.0  0.8840454195535027  
Test2 0.9442148760330579  1.0  0.8840454195535027  0.0  

4
ORIGINAL 0.0  1.0  0.6699410609037328  0.9442148760330579  
random 1.0  0.0  1.0  1.0  
TEST1 0.6699410609037328  1.0  0.0  0.8836951501154735  
Test2 0.9442148760330579  1.0  0.8836951501154735  0.0  

4
ORIGINAL 0.0  1.0  0.6699410609037328  0.9442148760330579  
random 1.0  0.0  1.0  1.0  
TEST1 0.6699410609037328  1.0  0.0  0.882998756439865  
Test2 0.9442148760330579  1.0  0.882998756439865  0.0  

4
ORIGINAL 0.0  1.0  0.6699410609037328  0.9442148760330579  
random 1.0  0.0  1.0  1.0  
TEST1 0.6699410609037328  1.0  0.0  0.883536786539096  
Test2 0.9442148760330579  1.0  0.883536786539096  0.0  

4
ORIGINAL 0.0  1.0  0.6699410609037328  0.9442148760330579  
random 1.0  0.0  1.0  1.0  
TEST1 0.6699410609037328  1.0  0.0  0.8837070699545556  
Test2 0.9442148760330579  1.0  0.8837070699545556  0.0  

4
ORIGINAL 0.0  1.0  0.6699410609037328  0.9442148760330579  
random 1.0  0.0  1.0  1.0  
TEST1 0.6699410609037328  1.0  0.0  0.883866710656549  
Test2 0.9442148760330579  1.0  0.883866710656549  0.0  

4
ORIGINAL 0.0  1.0  0.6699410609037328  0.9442148760330579  
random 1.0  0.0  1.0  1.0  
TEST1 0.6699410609037328  1.0  0.0  0.8836027713625866  
Test2 0.9442148760330579  1.0  0.8836027713625866  0.0  

4
ORIGINAL 0.0  1.0  0.6699410609037328  0.9442148760330579  
random 1.0  0.0  1.0  1.0  
TEST1 0.6699410609037328  1.0  0.0  0.882930925887046  
Test2 0.9442148760330579  1.0  0.882930925887046  0.0  

4
ORIGINAL 0.0  1.0  0.6699410609037328  0.9442148760330579  
random 1.0  0.0  1.0  1.0  
TEST1 0.6699410609037328  1.0  0.0  0.8822170900692841  
Test2 0.9442148760330579  1.0  0.8822170900692841  0.0  

4
ORIGINAL 0.0  1.0  0.6699410609037328  0.9442148760330579  
random 1.0  0.0  1.0  1.0  
TEST1 0.6699410609037328  1.0  0.0  0.8826501154734411  
Test2 0.9442148760330579  1.0  0.8826501154734411  0.0  

4
ORIGINAL 0.0  1.0  0.6699410609037328  0.9442148760330579  
random 1.0  0.0  1.0  1.0  
TEST1 0.6699410609037328  1.0  0.0  0.8832948421862972  
Test2 0.9442148760330579  1.0  0.8832948421862972  0.0  

4
ORIGINAL 0.0  1.0  0.6699410609037328  0.9442148760330579  
random 1.0  0.0  1.0  1.0  
TEST1 0.6699410609037328  1.0  0.0  0.8837403567392266  
Test2 0.9442148760330579  1.0  0.8837403567392266  0.0  

4
ORIGINAL 0.0  1.0  0.6699410609037328  0.9442148760330579  
random 1.0  0.0  1.0  1.0  
TEST1 0.6699410609037328  1.0  0.0  0.8834654515947818  
Test2 0.9442148760330579  1.0  0.8834654515947818  0.0  

4
ORIGINAL 0.0  1.0  0.6699410609037328  0.9442148760330579  
random 1.0  0.0  1.0  1.0  
TEST1 0.6699410609037328  1.0  0.0  0.883866710656549  
Test2 0.9442148760330579  1.0  0.883866710656549  0.0  

4
ORIGINAL 0.0  1.0  0.6699410609037328  0.9442148760330579  
random 1.0  0.0  1.0  1.0  
TEST1 0.6699410609037328  1.0  0.0  0.8839936045478771  
Test2 0.9442148760330579  1.0  0.8839936045478771  0.0  

4
ORIGINAL 0.0  1.0  0.6699410609037328  0.9442148760330579  
random 1.0  0.0  1.0  1.0  
TEST1 0.6699410609037328  1.0  0.0  0.8837567359507313  
Test2 0.9442148760330579  1.0  0.8837567359507313  0.0  

4
ORIGINAL 0.0  1.0  0.6699410609037328  0.9442148760330579  
random 1.0  0.0  1.0  1.0  
TEST1 0.6699410609037328  1.0  0.0  0.88364896073903  
Test2 0.9442148760330579  1.0  0.88364896073903  0.0  

4
ORIGINAL 0.0  1.0  0.6699410609037328  0.9442148760330579  
random 1.0  0.0  1.0  1.0  
TEST1 0.6699410609037328  1.0  0.0  0.883866710656549  
Test2 0.9442148760330579  1.0  0.883866710656549  0.0  

4
ORIGINAL 0.0  1.0  0.6699410609037328  0.9442148760330579  
random 1.0  0.0  1.0  1.0  
TEST1 0.6699410609037328  1.0  0.0  0.8840646651270208  
Test2 0.9442148760330579  1.0  0.8840646651270208  0.0  

